0,0,0;
0,0,4;
0,0,8;
0,0,12;
0,0,16;
0,0,20;
0,0,24;
0,0,28;
0,0,32;
0,0,36;
0,0,40;
0,0,44;
0,0,48;
0,0,52;
0,0,56;
0,0,60;
0,0,64;
0,0,68;
0,0,72;
0,0,76;
0,0,80;
0,0,84;
0,0,88;
0,0,92;
0,0,96;
0,0,100;
0,0,104;
0,0,108;
0,0,112;
0,0,116;
0,0,120;
0,0,124;
0,0,128;
0,0,132;
0,0,136;
0,0,140;
0,0,144;
0,0,148;
0,0,152;
0,0,156;
0,0,160;
0,0,164;
0,0,169;
0,0,173;
0,0,177;
0,0,181;
0,0,185;
0,0,189;
0,0,193;
0,0,197;
0,0,201;
0,0,205;
0,0,209;
0,0,213;
0,0,217;
0,0,221;
0,0,225;
0,0,229;
0,0,233;
0,0,237;
0,0,241;
0,0,245;
0,0,249;
0,0,253;
1,0,255;
5,0,251;
9,0,247;
13,0,243;
17,0,239;
21,0,235;
25,0,231;
29,0,227;
33,0,223;
37,0,219;
41,0,215;
45,0,211;
49,0,207;
53,0,203;
57,0,199;
61,0,195;
65,0,191;
69,0,187;
73,0,183;
77,0,179;
81,0,175;
85,0,171;
89,0,167;
93,0,162;
97,0,158;
101,0,154;
105,0,150;
109,0,146;
113,0,142;
117,0,138;
121,0,134;
125,0,130;
129,0,126;
133,0,122;
137,0,118;
141,0,114;
145,0,110;
149,0,106;
153,0,102;
157,0,98;
161,0,94;
165,0,90;
170,0,86;
174,0,82;
178,0,78;
182,0,74;
186,0,70;
190,0,66;
194,0,62;
198,0,58;
202,0,54;
206,0,50;
210,0,46;
214,0,42;
218,0,38;
222,0,34;
226,0,30;
230,0,26;
234,0,22;
238,0,18;
242,0,14;
246,0,10;
250,0,6;
254,0,2;
255,2,0;
255,6,0;
255,10,0;
255,14,0;
255,18,0;
255,22,0;
255,26,0;
255,30,0;
255,34,0;
255,38,0;
255,42,0;
255,46,0;
255,50,0;
255,54,0;
255,58,0;
255,62,0;
255,66,0;
255,70,0;
255,74,0;
255,78,0;
255,82,0;
255,86,0;
255,90,0;
255,94,0;
255,98,0;
255,102,0;
255,106,0;
255,110,0;
255,114,0;
255,118,0;
255,122,0;
255,126,0;
255,130,0;
255,134,0;
255,138,0;
255,142,0;
255,146,0;
255,150,0;
255,154,0;
255,158,0;
255,162,0;
255,167,0;
255,171,0;
255,175,0;
255,179,0;
255,183,0;
255,187,0;
255,191,0;
255,195,0;
255,199,0;
255,203,0;
255,207,0;
255,211,0;
255,215,0;
255,219,0;
255,223,0;
255,227,0;
255,231,0;
255,235,0;
255,239,0;
255,243,0;
255,247,0;
255,251,0;
255,255,0;
255,255,3;
255,255,7;
255,255,11;
255,255,15;
255,255,19;
255,255,23;
255,255,27;
255,255,31;
255,255,35;
255,255,39;
255,255,43;
255,255,47;
255,255,51;
255,255,55;
255,255,59;
255,255,63;
255,255,67;
255,255,71;
255,255,75;
255,255,79;
255,255,83;
255,255,87;
255,255,91;
255,255,95;
255,255,99;
255,255,103;
255,255,107;
255,255,111;
255,255,115;
255,255,119;
255,255,123;
255,255,127;
255,255,131;
255,255,135;
255,255,139;
255,255,143;
255,255,147;
255,255,151;
255,255,155;
255,255,159;
255,255,163;
255,255,168;
255,255,172;
255,255,176;
255,255,180;
255,255,184;
255,255,188;
255,255,192;
255,255,196;
255,255,200;
255,255,204;
255,255,208;
255,255,212;
255,255,216;
255,255,220;
255,255,224;
255,255,228;
255,255,232;
255,255,236;
255,255,240;
255,255,244;
255,255,248;
255,255,252;
255,255,255
