0,0,0;
0,0,1;
0,0,2;
0,0,3;
0,0,4;
0,0,5;
0,0,6;
0,0,7;
0,0,8;
0,0,9;
0,0,10;
0,0,11;
0,0,12;
0,0,13;
0,0,14;
0,0,15;
0,0,16;
0,0,16;
0,0,17;
0,0,18;
0,0,19;
0,0,20;
0,0,21;
0,0,22;
0,0,23;
0,0,24;
0,0,25;
0,0,26;
0,0,27;
0,0,28;
0,0,29;
0,0,30;
0,0,31;
0,0,32;
0,0,33;
0,0,34;
0,0,35;
0,0,36;
0,0,37;
0,0,38;
0,0,39;
0,0,40;
0,0,41;
0,0,42;
0,0,43;
0,0,44;
0,0,45;
0,0,46;
0,0,47;
0,0,48;
0,0,48;
0,0,49;
0,0,50;
0,0,51;
0,0,52;
0,0,53;
0,0,54;
0,0,55;
0,0,56;
0,0,57;
0,0,58;
0,0,59;
0,0,60;
0,0,61;
0,0,62;
0,0,63;
0,0,64;
0,0,65;
0,0,66;
0,0,67;
0,0,69;
0,0,70;
0,0,71;
0,0,72;
0,0,73;
0,0,74;
0,0,75;
0,0,76;
0,0,77;
0,0,78;
0,0,79;
0,0,80;
0,0,82;
0,0,83;
0,0,84;
0,0,85;
0,0,86;
0,0,87;
0,0,88;
0,0,89;
0,0,90;
0,0,91;
0,0,92;
0,0,93;
0,0,94;
0,0,96;
0,0,97;
0,0,98;
0,0,99;
0,0,100;
0,0,101;
0,0,102;
0,0,103;
0,0,104;
0,0,105;
0,0,106;
0,0,107;
0,0,108;
0,0,110;
0,0,111;
0,0,112;
0,0,113;
0,0,114;
0,0,115;
0,0,116;
0,0,117;
0,0,118;
0,0,119;
0,0,120;
0,0,121;
0,0,122;
0,0,124;
0,0,125;
0,0,126;
0,0,127;
0,0,128;
0,0,129;
0,0,130;
2,0,130;
6,0,128;
10,0,125;
14,0,123;
18,0,121;
22,0,119;
26,0,117;
30,0,115;
34,0,113;
38,0,111;
42,0,109;
46,0,107;
50,0,105;
54,0,103;
58,0,101;
62,0,99;
66,0,97;
70,0,95;
74,0,93;
78,0,91;
82,0,89;
86,0,87;
90,0,85;
94,0,82;
98,0,80;
102,0,78;
106,0,76;
110,0,74;
114,0,72;
118,0,70;
122,0,68;
126,0,66;
130,0,64;
134,0,62;
138,0,60;
142,0,58;
146,0,56;
150,0,54;
154,0,52;
158,0,50;
162,0,48;
167,0,46;
171,0,44;
175,0,41;
179,0,39;
183,0,37;
187,0,35;
191,0,33;
195,0,31;
199,0,29;
203,0,27;
207,0,25;
211,0,23;
215,0,21;
219,0,19;
223,0,17;
227,0,15;
231,0,13;
235,0,11;
239,0,9;
243,0,7;
247,0,5;
251,0,3;
255,0,1;
255,3,0;
255,7,0;
255,11,0;
255,15,0;
255,19,0;
255,23,0;
255,27,0;
255,31,0;
255,35,0;
255,39,0;
255,43,0;
255,47,0;
255,51,0;
255,55,0;
255,59,0;
255,63,0;
255,67,0;
255,71,0;
255,75,0;
255,79,0;
255,83,0;
255,87,0;
255,91,0;
255,95,0;
255,99,0;
255,103,0;
255,107,0;
255,111,0;
255,115,0;
255,119,0;
255,123,0;
255,127,0;
255,131,0;
255,135,0;
255,139,0;
255,143,0;
255,147,0;
255,151,0;
255,155,0;
255,159,0;
255,163,0;
255,168,0;
255,172,0;
255,176,0;
255,180,0;
255,184,0;
255,188,0;
255,192,0;
255,196,0;
255,200,0;
255,204,0;
255,208,0;
255,212,0;
255,216,0;
255,220,0;
255,224,0;
255,228,0;
255,232,0;
255,236,0;
255,240,0;
255,244,0;
255,248,0;
255,252,0;
255,255,0
