0,0,0;
2,0,2;
4,0,4;
6,0,6;
8,0,8;
10,0,10;
12,0,12;
14,0,14;
16,0,16;
18,0,18;
20,0,20;
22,0,22;
24,0,24;
26,0,26;
28,0,28;
30,0,30;
32,0,32;
34,0,34;
36,0,36;
38,0,38;
40,0,40;
42,0,42;
44,0,44;
46,0,46;
48,0,48;
50,0,50;
52,0,52;
54,0,54;
56,0,56;
58,0,58;
60,0,60;
62,0,62;
64,0,64;
66,0,66;
68,0,68;
70,0,70;
72,0,72;
74,0,74;
76,0,76;
78,0,78;
80,0,80;
82,0,82;
85,1,84;
87,1,86;
89,1,88;
91,1,90;
93,1,92;
95,1,94;
97,1,96;
99,1,98;
101,1,100;
103,1,102;
105,1,104;
107,1,106;
109,1,108;
111,1,110;
113,1,112;
115,1,114;
117,1,116;
119,1,118;
121,1,120;
123,1,122;
125,1,124;
127,1,126;
129,1,127;
130,1,126;
132,1,125;
133,1,124;
135,1,123;
136,1,122;
138,1,121;
139,1,120;
141,1,119;
142,1,118;
144,1,116;
145,1,115;
147,1,114;
149,1,113;
150,1,112;
152,1,111;
153,1,110;
155,1,109;
156,1,108;
158,1,107;
159,1,106;
161,1,105;
162,1,103;
164,0,102;
165,0,101;
167,0,100;
168,0,99;
170,0,98;
171,0,97;
173,0,96;
174,0,95;
176,0,94;
178,0,93;
179,0,92;
181,0,91;
182,0,89;
184,0,88;
185,0,87;
187,0,86;
188,0,85;
190,0,84;
191,0,83;
193,0,82;
194,0,81;
196,0,80;
197,0,79;
199,0,78;
200,0,77;
202,0,75;
203,0,74;
205,0,73;
207,0,72;
208,0,71;
210,0,70;
211,0,69;
213,0,68;
214,0,67;
216,0,66;
217,0,65;
219,0,64;
220,0,63;
222,0,61;
223,0,60;
225,0,59;
226,2,58;
226,6,57;
227,10,56;
227,14,56;
228,18,55;
228,22,54;
229,26,53;
229,30,52;
230,34,51;
230,38,50;
231,42,49;
231,46,48;
232,50,47;
232,54,46;
232,58,45;
233,62,44;
233,66,44;
234,70,43;
234,74,42;
235,78,41;
235,82,40;
236,86,39;
236,90,38;
237,94,37;
237,98,36;
238,102,35;
238,106,34;
239,110,33;
239,114,32;
240,118,32;
240,122,31;
241,126,30;
241,130,29;
241,134,28;
242,138,27;
242,142,26;
243,146,25;
243,150,24;
244,154,23;
244,158,22;
245,162,21;
245,167,20;
246,171,20;
246,175,19;
247,179,18;
247,183,17;
248,187,16;
248,191,15;
249,195,14;
249,199,13;
250,203,12;
250,207,11;
250,211,10;
251,215,9;
251,219,9;
252,223,8;
252,227,7;
253,231,6;
253,235,5;
254,239,4;
254,243,3;
255,247,2;
255,251,1;
255,255,0;
255,255,3;
255,255,7;
255,255,11;
255,255,15;
255,255,19;
255,255,23;
255,255,27;
255,255,31;
255,255,35;
255,255,39;
255,255,43;
255,255,47;
255,255,51;
255,255,55;
255,255,59;
255,255,63;
255,255,67;
255,255,71;
255,255,75;
255,255,79;
255,255,83;
255,255,87;
255,255,91;
255,255,95;
255,255,99;
255,255,103;
255,255,107;
255,255,111;
255,255,115;
255,255,119;
255,255,123;
255,255,127;
255,255,131;
255,255,135;
255,255,139;
255,255,143;
255,255,147;
255,255,151;
255,255,155;
255,255,159;
255,255,163;
255,255,168;
255,255,172;
255,255,176;
255,255,180;
255,255,184;
255,255,188;
255,255,192;
255,255,196;
255,255,200;
255,255,204;
255,255,208;
255,255,212;
255,255,216;
255,255,220;
255,255,224;
255,255,228;
255,255,232;
255,255,236;
255,255,240;
255,255,244;
255,255,248;
255,255,252;
255,255,255
