0,0,0;
0,0,0;
0,0,0;
0,0,0;
0,0,0;
0,0,0;
0,0,0;
0,0,0;
0,0,0;
0,0,0;
0,0,0;
0,0,0;
0,0,0;
0,0,0;
0,0,0;
0,0,0;
0,0,0;
0,0,0;
0,0,0;
0,0,0;
0,0,0;
0,0,0;
0,0,0;
0,0,0;
0,0,0;
0,0,0;
0,0,0;
0,0,0;
0,0,0;
0,0,0;
0,0,0;
0,0,0;
0,0,0;
0,0,0;
0,0,0;
0,0,0;
0,0,0;
0,0,0;
0,0,0;
0,0,0;
0,0,0;
0,0,0;
0,0,0;
0,0,0;
0,0,0;
0,0,0;
0,0,0;
0,0,0;
0,0,0;
0,0,0;
0,0,0;
0,0,0;
0,0,0;
0,0,0;
0,0,0;
0,0,0;
0,0,0;
0,0,0;
0,0,0;
0,0,0;
0,0,0;
0,0,0;
0,0,0;
0,0,0;
0,0,0;
0,0,0;
0,0,0;
0,0,0;
0,0,0;
0,0,0;
0,0,0;
0,0,0;
0,0,0;
0,0,0;
0,0,0;
0,0,0;
0,0,0;
0,0,0;
0,0,0;
0,0,0;
0,0,0;
0,0,0;
0,0,0;
0,0,0;
0,0,0;
0,0,0;
0,0,0;
0,0,0;
0,0,0;
0,0,0;
0,0,0;
0,0,0;
0,0,0;
0,0,0;
0,0,0;
0,0,0;
0,0,0;
0,0,0;
0,0,0;
0,0,0;
0,0,0;
0,0,0;
0,0,0;
0,0,0;
0,0,0;
0,0,0;
0,0,0;
0,0,0;
0,0,0;
0,0,0;
0,0,0;
0,0,0;
0,0,0;
0,0,0;
0,0,0;
0,0,0;
0,0,0;
0,0,0;
0,0,0;
0,0,0;
0,0,0;
0,0,0;
0,0,0;
0,0,0;
0,0,0;
0,0,0;
0,0,0;
0,0,0;
1,1,1;
3,3,3;
5,5,5;
7,7,7;
9,9,9;
11,11,11;
13,13,13;
15,15,15;
17,17,17;
19,19,19;
21,21,21;
23,23,23;
25,25,25;
27,27,27;
29,29,29;
31,31,31;
33,33,33;
35,35,35;
37,37,37;
39,39,39;
41,41,41;
43,43,43;
45,45,45;
47,47,47;
49,49,49;
51,51,51;
53,53,53;
55,55,55;
57,57,57;
59,59,59;
61,61,61;
63,63,63;
65,65,65;
67,67,67;
69,69,69;
71,71,71;
73,73,73;
75,75,75;
77,77,77;
79,79,79;
81,81,81;
82,82,82;
84,84,84;
86,86,86;
88,88,88;
90,90,90;
92,92,92;
94,94,94;
96,96,96;
98,98,98;
100,100,100;
102,102,102;
104,104,104;
106,106,106;
108,108,108;
110,110,110;
112,112,112;
114,114,114;
116,116,116;
118,118,118;
120,120,120;
122,122,122;
124,124,124;
126,126,126;
128,128,128;
130,130,130;
132,132,132;
134,134,134;
136,136,136;
138,138,138;
140,140,140;
142,142,142;
144,144,144;
146,146,146;
148,148,148;
151,151,151;
153,153,153;
155,155,155;
157,157,157;
159,159,159;
161,161,161;
163,163,163;
165,165,165;
167,167,167;
169,169,169;
171,171,171;
173,173,173;
175,175,175;
177,177,177;
179,179,179;
181,181,181;
183,183,183;
185,185,185;
187,187,187;
189,189,189;
191,191,191;
193,193,193;
195,195,195;
197,197,197;
199,199,199;
201,201,201;
203,203,203;
205,205,205;
207,207,207;
209,209,209;
211,211,211;
213,213,213;
215,215,215;
217,217,217;
219,219,219;
221,221,221;
223,223,223;
225,225,225;
227,227,227;
229,229,229;
231,231,231;
234,234,234;
236,236,236;
238,238,238;
240,240,240;
242,242,242;
244,244,244;
246,246,246;
248,248,248;
250,250,250;
252,252,252;
254,254,254;
255,255,255
